830
676
24
660
658
238
893
417
606
879
804
980
863
824
424
630
642
260
398
375
815
90
827
866
896
474
927
441
314
432
603
496
460
979
508
118
569
402
888
528
633
44
508
497
868
932
479
863
193
229
238
360
319
418
226
568
244
506
9
910
938
964
406
750
295
915
868
865
669
756
745
302
153
253
151
21
537
631
884
82
860
475
442
180
245
669
748
489
175
109
399
465
425
157
215
720
424
435
937
93
544
682
748
697
287
899
718
177
530
955
259
743
782
54
923
379
723
23
220
250
484
971
67
261
128
634
981
905
69
271
350
613
305
450
310
593
350
381
122
232
688
381
975
822
435
250
201
510
625
773
112
109
744
179
370
872
813
704
129
235
975
480
848
632
930
511
577
632
892
699
217
932
433
192
754
868
795
307
731
420
80
843
530
824
375
252
48
540
956
530
775
283
10
624
268
292
487
845
925
379
545
142
663
978
686
769
198
481
76
929
902
508
125
784
684
852
388
84
392
345
614
168
980
624
144
248
269
631
94
546
362
991
40
377
321
726
146
871
560
222
153
814
82
278
598
766
130
986
850
874
683
465
42
16
441
538
264
710
521
710
608
235
53
648
612
374
375
758
246
935
332
751
101
414
29
699
532
511
37
383
385
73
200
780
89
993
318
353
56
192
416
664
427
469
313
392
196
40
150
794
975
483
545
428
249
574
127
134
437
516
517
822
589
69
602
678
414
273
384
470
465
800
135
244
269
800
636
817
840
139
611
167
974
156
595
575
82
722
709
519
590
578
694
180
647
648
858
62
921
242
884
738
394
19
335
16
819
323
833
659
462
445
826
788
953
773
364
388
495
73
259
438
652
953
618
651
602
828
65
875
423
950
966
817
969
653
833
141
976
667
152
791
464
331
579
417
104
943
157
952
369
417
390
21
370
8
24
324
188
90
552
611
40
870
781
361
523
614
502
851
633
7
994
449
338
574
219
442
869
376
746
590
793
136
963
516
496
988
192
685
78
96
648
470
966
429
831
841
44
686
45
29
693
39
479
383
965
698
177
187
74
924
777
220
412
741
736
909
81
280
946
159
377
594
629
343
376
812
537
772
498
582
801
543
973
632
926
291
330
456
478
757
380
607
977
144
700
65
405
781
345
351
292
722
298
273
418
674
86
307
446
936
241
247
832
214
232
110
857
562
566
335
671
298
295
0
443
995
417
848
129
763
552
773
837
850
47
607
876
485
914
322
773
155
921
605
722
153
68
579
68
634
267
91
285
914
92
728
261
509
928
390
624
480
164
462
682
563
421
558
400
336
232
525
843
154
483
917
659
551
849
727
537
468
819
822
382
263
902
643
124
183
386
749
663
902
563
698
465
984
608
217
672
841
742
516
995
225
785
6
128
634
734
666
102
905
488
836
168
743
480
292
926
218
393
589
120
956
639
937
293
248
154
965
89
248
833
436
826
619
442
954
253
528
620
708
785
461
896
305
204
376
598
130
946
343
71
66
300
711
355
945
311
861
910
752
110
744
188
936
363
982
242
968
863
863
28
648
324
925
954
528
653
904
658
600
247
81
666
899
792
374
844
103
235
755
207
345
851
395
633
214
730
876
182
593
91
563
241
767
488
195
295
141
99
305
741
699
738
760
950
531
134
795
986
369
902
194
67
753
941
52
319
671
280
853
616
371
416
858
138
904
405
785
46
857
442
139
556
181
899
506
64
385
653
402
107
555
948
174
660
890
226
979
913
859
833
530
230
249
740
721
154
145
506
552
354
301
691
262
482
943
121
898
328
774
300
787
682
249
961
342
139
540
674
404
399
507
286
981
756
26
702
262
524
561
166
878
862
858
141
696
153
262
594
833
388
894
621
70
143
934
765
634
474
439
391
225
946
677
559
54
704
613
669
228
174
835
458
388
693
599
84
846
861
30
32
250
925
653
672
420
587
437
407
414
228
798
991
174
475
550
581
531
164
250
759
690
85
218
79
131
169
515
329
383
546
361
985
471
14
657
243
954
447
650
368
675
448
359
202
924
262
783
807
426
385
567
468
822
137
547
953
658
415
283
41
961
996
26
784
363
36
27
317
483
678
37
510
478
396
712
754
10
847
562
788
584
481
257
407
618
156
360
628
571
995
670
532
344
696
316
707
732
344
376
567
374
413
78
852
161
142
607
172
342
169
960
926
2
569
685
620
726
398
248
297
393
270
182
89
967
498
796
51
194
524
971
568
937
401
773
451
895
732
975
237
253
935
516
255
857
201
227
583
599
827
232
345
98
