8879
3326
7839
8865
3653
2392
5424
7893
2925
2120
7910
2000
7614
7550
1861
6943
2981
6708
4338
9965
9784
663
9955
6787
7419
6251
2078
3681
6303
3528
4688
1534
6854
8879
399
6860
1272
5824
4753
549
4296
9015
8902
8263
6566
763
5206
5899
3823
5896
5864
9959
2912
5819
6747
6683
8422
5177
365
4726
8705
5053
6260
1911
3932
3012
8771
1556
5188
3525
8458
9484
8892
7360
7747
1810
4475
9306
7710
4650
5202
3574
4610
4466
5746
7709
1150
4168
2886
1515
5246
1591
6568
7859
3502
6852
871
2274
8409
2411
2151
3219
1895
1043
6931
5995
2854
7758
1653
564
2408
6855
490
3370
7674
6236
1079
8824
6757
317
339
8355
1908
3259
6214
1763
111
3437
389
4872
5848
8892
8091
4096
9935
1374
6443
9141
9132
8096
6057
7893
1303
6548
7615
8977
9136
8695
7801
5893
5364
4492
601
3625
7751
6815
5388
4215
6605
2129
9087
8805
1021
3531
9253
7308
4905
2048
6450
4038
6496
8859
1931
7800
5407
9546
3129
896
4593
7283
3141
9958
8127
3742
9935
5879
6910
5323
94
3515
3804
5533
8672
4825
9064
7926
8485
3970
6326
4935
4360
2823
3795
6291
6975
5554
2189
104
2802
3135
3739
5944
9445
1867
9686
9380
4098
6596
1055
4192
6463
4859
6077
1488
6036
5142
9414
4521
5464
2092
5809
9824
4915
5956
2467
1890
7862
1008
8347
665
4143
2086
6609
3588
3953
6295
9320
4403
9244
375
8595
5707
1586
4673
3547
7622
6167
2961
8496
1631
1406
4305
7807
6321
261
274
8212
8123
1282
6559
8788
1778
4997
5397
1718
5303
8045
1039
9706
3641
7766
4654
5700
9353
5679
9248
3327
1846
8561
1823
9829
9967
6128
7636
6289
2741
7910
853
865
5544
7412
6005
7322
2409
7755
9041
4064
2152
6432
3771
5793
4198
8425
1493
3551
4104
741
3231
2302
9303
5054
2131
9270
1183
6119
1911
276
381
2764
7493
5925
6528
3499
9600
5290
7606
4993
9354
9758
1425
3125
1903
5623
7902
3396
5527
8358
490
8758
660
6145
164
9143
1767
7699
5262
3679
7976
5643
2795
5469
7921
9324
5320
7521
966
2926
2514
6672
9036
3939
6150
939
5914
4052
4336
7793
2411
1178
2903
9423
7323
3068
4919
9090
767
181
9121
8743
2177
1917
565
98
7593
5885
7619
4911
8812
6485
1583
4200
424
7733
5140
2690
8138
5828
484
6901
7006
9739
6324
681
2807
1243
6123
3575
7777
5245
8670
9954
3514
9235
52
1107
1473
4023
2370
6637
508
3953
837
7284
1687
5977
9974
6177
8157
6810
3078
1515
6550
9402
2196
5709
6998
8320
5636
1127
9917
4307
1081
3431
9894
7485
890
7719
1508
3260
4356
8368
7213
5194
5652
5252
7523
1978
1429
2033
5141
4507
3548
8043
262
5745
3752
3612
417
9389
4739
334
48
2172
3765
9942
9657
4655
4014
7517
7915
8370
2237
1480
9916
7889
3085
7440
6219
4514
9473
1360
5374
9373
9403
1988
1470
9508
5600
1887
8897
6691
8573
8945
5215
8690
5239
4872
3345
9253
8741
7612
3976
978
5445
3892
5219
8530
7684
7790
9396
3509
5503
4770
2883
1258
3110
4353
766
8710
2593
9663
1753
1166
4960
6968
9857
200
8192
9554
5805
3285
3519
9781
4263
5316
3674
5834
3846
7710
3625
3242
1220
9128
4365
4103
6738
7475
4808
7505
2538
7401
3520
643
4920
8481
3964
1129
5033
2156
7035
838
5442
6906
6972
6057
2222
6998
1892
2420
4708
1869
2015
5928
7349
6380
6383
4087
207
1192
1592
9097
4945
5113
9741
6217
9946
3705
7346
4979
2213
4382
2169
7655
1288
9141
65
9863
2491
8309
2283
3552
178
650
5832
3879
3382
2216
7966
3590
9760
5911
9039
1057
7376
8780
7275
7322
8837
4621
2301
1051
5355
822
5058
2996
6316
5123
2859
8807
3432
1494
2359
9962
8497
8192
3841
1879
6760
8160
1821
6520
423
861
3929
7799
9641
1204
5121
8479
5826
3774
9530
7533
4596
4588
529
912
6064
9740
6072
5848
7587
8431
5811
6084
2975
6004
7963
9735
516
9785
2607
939
646
6537
8738
6639
7741
3859
1470
9919
3985
7352
3805
8582
8293
686
5846
4357
427
1918
205
8014
6702
2368
450
9677
8373
4765
5765
8889
4550
8372
6181
1548
1261
4919
4540
5355
5131
6010
1626
9116
3363
5431
4050
8008
6118
6249
2365
2897
4519
2570
7263
1221
4939
7713
7251
9664
2478
3016
4905
3381
7740
1086
1281
9002
6006
5821
709
7489
8184
2335
2957
7899
7767
7008
5907
237
9609
4624
3134
4128
7194
397
5350
8485
4462
8953
4501
6940
1969
9407
6673
6061
493
7955
1415
2851
128
2124
340
4664
4460
9650
2563
8579
6658
4822
5168
6267
9446
8302
6747
2993
5051
2097
1478
9513
7402
5980
2805
9371
1739
5831
1785
2232
3786
3200
1436
266
5325
8128
4931
6137
7778
3846
4716
788
5021
9884
7055
4467
4538
155
7460
5941
8604
5291
5454
6007
7623
4611
1730
9362
442
3515
7946
580
6716
9382
7199
2041
7511
2130
8178
5289
2328
9246
6078
7349
5482
9485
8169
6372
9640
5629
2313
4597
7272
7767
604
4895
8730
2334
4257
5525
5850
2204
6105
2566
7938
3304
959
5449
1786
9137
7091
467
4735
9521
4168
217
9006
2337
6589
4999
4319
8902
9596
1591
3021
200
6487
8103
8886
7096
3628
4736
5652
9734
3654
3591
9390
4613
5392
7529
102
8835
7996
4837
8356
2164
5054
7363
854
7995
8714
5173
3249
4662
6764
2622
1214
9603
726
100
6700
4354
1189
8704
440
4843
8647
6183
9457
4040
3712
9559
2875
8060
749
7584
6576
2155
1299
7430
151
13
2603
9752
4675
5720
2375
2241
5323
3101
2341
8375
7455
3530
7080
4248
4726
2079
431
535
2471
495
6446
1699
8555
7195
9283
5131
9351
582
8914
5854
595
7869
5606
1622
3589
4333
3863
8913
7434
2556
7288
1242
2439
720
5490
7165
9152
2273
7700
1623
2768
4146
3322
1323
7694
8957
2806
3397
9539
1720
9251
6486
9590
1209
4460
9531
5543
4675
8444
2977
7232
2085
571
6023
9157
2413
9540
8309
4686
7240
6285
7454
7738
5959
5129
1784
4917
7936
5181
808
6008
4432
3647
1950
1994
8107
1482
7537
9135
6278
6866
2719
8363
7438
8742
3873
9851
8282
8534
4538
1874
4819
8344
5964
7131
3474
7749
2048
1410
2930
9208
3770
7363
2855
5721
9357
7315
3555
3246
2802
9833
112
5521
4549
3902
4263
8422
3754
8897
6956
4644
771
8128
2988
3087
5259
2814
836
3659
576
3767
9219
4347
7482
2075
6420
3191
5742
9975
6437
8544
9808
2901
4065
709
6804
4680
9131
6910
9929
2440
7906
7052
6920
7246
139
2179
61
976
2190
637
1095
1409
1336
4929
9836
7756
8120
1930
4083
909
6826
244
162
7243
953
3318
1923
85
228
8204
8877
4486
5256
5797
1733
1748
4328
1794
9076
2870
8783
171
631
120
1452
468
7876
5924
8750
1960
6833
5577
2204
3347
2820
3157
6666
1096
9594
3246
9300
4823
7733
909
620
9466
2657
1300
7612
8085
4170
6395
4608
4802
6515
6060
1622
744
1984
372
9056
5169
2301
1260
8516
5122
769
1534
2570
6716
4781
8222
7891
2514
9131
8512
8332
8140
6164
5944
6225
335
2339
833
1489
5207
3245
3111
5951
5229
9835
5007
6750
8489
2619
5267
3611
9740
3153
2533
2808
7934
755
700
6800
6239
5564
1484
4379
1728
7428
6957
8415
6120
4142
9904
1327
7388
9367
3630
8969
5555
4989
5720
4044
7608
7339
4007
3700
6844
6540
6509
1131
3647
7209
7931
9886
9125
5768
4266
853
9548
7575
9269
5668
1717
5525
3347
5457
1245
3329
779
6800
8318
2851
7196
2278
6542
1203
5979
3386
4095
8840
4517
7742
2401
8801
7629
1526
4569
8247
2379
4117
5822
8000
6138
3891
3526
5837
5701
1123
9167
6480
7923
7485
5683
1471
6116
2225
9026
2095
5611
3121
935
6481
7215
9688
5282
1196
1214
6203
9443
9945
320
1617
7946
6458
1861
7824
2296
3914
8947
7815
6746
3222
5300
2429
4693
1416
4654
3719
9863
6617
3192
7150
9450
407
6838
4732
1604
8052
935
7399
7998
7608
5369
2296
418
3582
120
2714
7496
5419
529
4242
8641
2182
6671
9686
9950
7677
9757
6166
646
9301
3316
97
9708
155
1181
7664
4559
2117
1416
8909
6077
6785
1205
6495
367
7677
5562
4215
3096
2443
8457
8089
4625
1480
4127
928
5509
3884
7094
6155
3185
6762
2604
9246
3269
3786
3262
4181
2255
1030
3090
8332
4167
4296
1179
4534
8325
6741
5101
1422
9185
3558
5863
162
1390
9991
1090
6899
227
4536
3055
9765
1299
2011
5363
920
5797
8625
5101
4404
6008
8192
9088
175
8840
268
1062
7165
7009
6163
4939
6194
9722
803
6357
1112
794
3799
4364
7373
8336
7419
7138
5987
5782
8853
3259
1580
3831
8361
2336
9839
2905
1425
14
1745
1693
1076
5262
5054
7240
202
1249
3314
1005
3958
778
8151
7757
5142
1876
2445
8913
5367
4784
4696
4220
8044
2628
8051
2757
4964
7890
5662
2741
7905
3759
786
5333
9021
5841
2573
5575
3442
2239
6580
3752
3018
1083
7861
4512
2960
307
3426
8327
1443
4474
8899
5839
3454
6951
8596
4770
4841
4258
7512
9098
4369
4650
4432
3391
491
3357
8966
285
5597
1899
4037
4967
9334
1899
9479
8646
8558
9257
6973
1
3731
5873
5841
7185
9176
789
8308
369
5048
5820
9468
5769
470
252
5512
7314
9961
831
7599
5558
2730
7989
525
8416
9888
6357
7063
8446
5614
388
4799
5698
6261
6992
9235
1789
7782
7543
2159
9182
9715
7979
4951
6538
8231
464
3852
8192
1295
7803
103
377
5792
6980
5145
2032
3337
2208
6830
5304
2597
7982
7354
5210
4974
6589
7000
2756
485
9159
1938
200
3490
6890
6738
1721
3706
6942
6265
1353
1098
6368
8082
3242
3349
3227
5275
3038
5436
8457
4694
4385
6439
2048
9595
1414
8638
2947
4170
5475
8458
2461
5675
1948
5703
8766
21
9409
2060
6287
7114
3158
9007
5196
2753
8708
8423
8028
1747
211
2837
6441
4596
9277
4842
544
7043
3480
3491
1213
5307
8302
26
982
6602
5729
6100
6624
5138
4513
2911
8604
4023
8270
3800
6776
6979
2224
1156
5078
2435
3994
7871
3384
9623
2713
3928
6666
2545
3771
4231
7852
2073
4258
8835
8676
6339
1287
1652
7830
2152
915
6434
6176
9185
235
2952
6164
2459
461
1242
1246
4455
9114
4630
430
8179
4910
7096
725
8682
7679
8577
7107
8289
3764
2135
4629
5052
139
2459
7204
1054
8893
9732
240
9128
9037
2756
7939
9498
351
5538
305
5817
6520
735
3996
7783
4183
4721
6465
1862
3299
9924
152
7063
8412
1133
8467
8551
3592
2024
9606
8837
8108
6198
7966
7145
8954
2257
6643
9305
4147
6948
1474
668
4035
5471
8451
8218
192
1268
6433
9843
7544
2937
3259
2308
4070
8078
860
7662
6454
6818
6499
4563
3016
817
1708
8322
9427
4704
3980
3574
8004
5454
594
2040
7277
9045
258
3822
6665
3043
3665
4210
5980
3276
2870
50
1355
3730
7712
4161
6900
564
8724
9916
7733
6785
4591
7160
1489
8571
735
9493
377
1329
7885
7655
6727
4496
1477
3392
7539
1494
3954
3520
4771
6825
3570
2478
6907
7635
2991
3808
4551
1716
76
2284
4853
1019
9445
2694
5942
6532
8539
6320
4213
6425
327
940
921
1804
685
8460
9650
991
1980
4421
4168
1903
3251
7428
9538
6243
1236
4089
4311
7664
2725
5516
8684
2170
8210
978
5054
6749
7298
9268
3174
3977
6560
447
2133
7245
8908
1784
8237
7240
2557
8757
9143
5809
6185
5033
8404
3773
5474
9067
1438
8200
4583
6474
6722
2793
3804
1777
5894
7455
7397
5421
1432
3957
5868
3566
1203
1128
5350
5792
4721
7907
901
3864
68
7087
5250
4824
860
724
3891
8650
5276
4826
1476
8351
7619
5281
128
9866
2736
3877
5287
4168
7834
1155
4086
5389
8636
5788
7533
3357
3696
8435
7221
116
5522
8823
1293
2734
5900
1536
7737
1176
6363
5565
9527
334
846
6007
200
9934
9884
5487
455
4071
2995
4541
5812
1631
330
3346
4988
378
8133
8561
6846
7
7385
8139
2741
3285
9676
6830
813
2391
2396
341
2725
3242
2700
2926
9529
8937
8413
9984
9360
1408
877
5172
9391
7559
8518
4379
7937
6651
2941
1136
6658
6678
5627
5752
9963
1655
8934
7128
4046
1330
3821
6772
925
6522
6050
454
1811
4463
6790
1171
2224
7667
6343
1615
5227
1214
5995
9516
4217
5288
652
7228
1966
6280
2980
8281
7935
8266
5409
1982
9597
9231
5106
522
2105
1156
7328
3916
1971
4118
5087
547
8137
7782
2163
3364
8996
4510
2881
3214
6150
9885
442
8116
6165
9774
2749
453
8040
8158
8787
3989
3741
3893
4511
2198
1401
8191
2466
3372
8661
7553
3920
6799
1688
2435
163
684
3297
9396
250
9447
9282
7044
3915
1799
6818
6664
8604
1211
1174
7391
5200
1268
7636
6064
3466
9037
4255
5933
8762
2917
9838
9034
6068
1526
1469
6231
8563
1118
1980
5165
565
1262
2210
832
9413
9028
3848
8018
6591
1374
5409
1792
2642
9398
4208
6109
8435
4815
8394
3549
7732
4584
2583
3800
2463
404
6384
7378
1522
8364
2543
8439
5978
4753
9271
5391
134
9471
3409
6725
846
5171
4869
3488
4569
9077
5949
9356
3893
695
2906
7977
5280
5489
8130
7743
2246
866
5121
3768
5582
4016
2208
1560
8770
7831
3303
5256
3655
6713
1981
4501
8236
3203
4341
9157
8632
291
8513
2525
986
7771
6855
2618
9613
1337
6713
1859
2203
8186
5627
7785
2203
4187
5697
7325
8371
9000
2581
2026
2065
914
6527
301
4117
868
9458
2750
7511
4324
1627
4850
8447
8482
7468
8060
9819
534
6271
8374
8720
1899
2511
7275
2438
8208
4600
7161
7209
3533
9187
9274
4448
2066
9576
8565
2935
5386
7667
6798
6062
9295
1648
4510
4129
5469
8922
301
2355
5194
8675
7427
3445
1187
4703
2235
9395
5655
9397
6604
9189
8584
2231
3637
651
8159
8554
9938
3545
6222
3088
5960
1869
4737
6822
5998
6558
5744
6299
8913
7290
4975
6340
735
2514
7395
2971
8261
3051
2368
1218
8592
7304
3449
2229
4307
1608
7135
4245
1505
3357
7334
7465
5226
8423
639
7577
1333
6384
3876
246
26
5203
2938
762
7717
334
85
2331
9737
8805
3549
8329
6109
6998
6910
417
8606
4045
1014
111
3755
4700
3929
8981
3123
4568
2910
4456
7304
6787
1054
7331
1990
345
4445
6060
7031
882
8391
6768
9687
1940
1449
2148
5290
8359
2565
3896
8756
9932
359
2511
4632
4288
7845
4108
8857
755
4916
2513
7542
5971
6196
5885
2668
641
8297
9699
1523
3040
2819
7562
1332
620
9711
6622
5331
8628
518
4087
4912
877
6599
9545
1518
796
3653
6727
1551
4921
9240
5446
7244
5437
7683
9912
2430
5980
5963
306
5372
8782
7868
6704
5754
3931
3326
1085
8912
3844
5173
3824
1073
8124
9721
8943
8920
9726
5670
6823
4648
4911
2269
1892
6700
6304
1805
9130
2284
4120
9436
7656
9255
3657
712
5009
3940
4038
6095
2852
4234
1268
6677
1660
5744
6398
603
4664
6125
6274
1487
7125
7537
109
9017
4237
6413
7174
9719
5050
1295
5508
9058
550
5517
9771
5559
9457
3809
8006
2310
4396
5626
5339
6056
1370
8089
6659
2386
566
2933
3874
7691
470
335
6709
1059
6748
235
779
1798
1530
2639
857
8432
8156
6980
344
7613
7141
8350
6275
1537
329
1614
7593
1699
9704
4253
438
6622
3538
4312
4314
361
4647
7375
1420
7747
7610
8551
5898
5493
1190
3107
3925
5698
87
621
3312
7228
8972
9587
8766
5653
7554
6359
3704
3610
6964
4142
232
503
8454
4546
864
9453
1921
8636
3553
5884
7188
9451
1377
4730
2558
1654
429
2645
2276
93
6225
7600
9680
4991
3253
3586
7703
6957
7196
4667
1100
7429
5170
5906
8327
2386
1712
6601
1023
1617
2485
4563
1068
214
9293
9978
1868
9722
2623
4144
9815
8848
8096
5848
192
1349
5786
7895
4659
2983
8914
2111
6764
437
8017
5091
2823
6081
8044
198
7698
529
4761
5118
743
4055
5096
8964
129
4071
3108
6297
9272
1205
8497
9464
8906
4283
3711
3565
3618
2625
2028
382
9414
6398
1826
2238
2479
9870
2436
6530
6752
3550
1648
7495
7605
3097
6459
4086
7168
5920
6735
6440
3477
5232
2256
8735
5868
5967
8653
9486
4945
681
6221
4359
7079
8047
2949
5911
4269
1738
2441
1021
5288
441
4869
9245
3538
7680
9683
7059
9952
6419
3499
3429
1651
5756
2165
7519
8075
818
3358
9372
7851
9579
84
4931
3978
9385
842
8247
1123
9635
9269
2763
76
490
8360
9967
8170
8044
3378
8123
815
6877
7904
8818
8985
6421
6338
3413
3591
6048
9137
1443
5627
9221
2726
5957
8607
3568
4204
6082
9555
9825
8846
5983
315
3558
5950
4838
7954
9328
9313
8769
2558
7217
7588
7895
3639
278
7660
7230
6326
6798
5025
8305
6019
7751
4262
978
1319
4818
7061
874
4644
2259
6858
1311
5817
9160
6149
3772
4841
5462
2541
3751
9032
129
7998
2671
6759
5659
6253
3085
2457
1279
7742
4828
9030
2004
5807
6702
3175
2868
3928
7819
5127
7138
5482
944
2651
7984
1068
3844
9798
3610
7595
8830
91
1945
7853
3203
7604
4107
6288
61
1738
4031
1242
768
2387
7049
3822
1914
9917
7751
9733
1396
1241
1568
8692
3892
9552
9761
4088
9350
9723
8035
4533
6166
9981
2386
9369
7585
6493
5658
3999
8231
6041
5241
5352
4780
2290
5526
6695
8559
9629
2780
9955
871
4348
8647
1115
252
8408
5204
5955
8131
3239
488
650
3220
2874
19
7158
5720
2029
1157
3951
8070
6398
5655
9203
5040
1182
2250
3599
811
1382
9906
8034
2083
8553
9150
2335
3314
706
8290
7797
3945
5130
8447
3518
8005
8467
676
3725
496
1833
4028
4919
4583
6036
474
9623
3570
2724
9574
4381
4106
9480
2416
6189
8033
7918
4877
1347
8624
9519
9145
8921
4650
7592
2439
9007
2411
3115
9084
2908
4948
3112
4179
5883
5500
4653
5506
9070
3729
1432
3452
4187
912
2220
6729
5298
6490
1606
2997
1466
7477
8494
387
2127
6087
2827
7486
4850
5942
6570
4110
7243
6035
8289
9478
1535
2942
1337
606
3023
2769
410
7211
34
8982
3940
5332
1824
5546
8329
3290
3023
6824
3677
1503
9263
6504
5341
4113
8799
1912
8224
2394
7947
2865
1872
5834
2160
3209
2792
5183
2331
3202
2394
2365
8536
6334
7697
360
1880
2378
2
1256
9202
3680
9111
4817
6536
4452
5283
1687
6364
3507
4081
663
2724
2306
2850
4884
1867
5642
68
4198
5197
2462
6563
85
8797
4260
446
7029
6639
448
4637
2193
480
3748
7011
7017
4553
2294
8704
7269
2153
9138
7933
4877
7796
7135
6114
9663
2777
6182
3862
7974
8644
425
8060
3793
1038
4858
823
4029
1658
5460
2574
2139
5561
5937
5508
114
8231
564
7383
6736
6054
1668
7966
3850
8803
4080
9866
7933
262
3728
2259
5258
505
319
9052
7895
1529
9875
1924
9540
1687
4499
8031
3600
436
3539
3714
5020
455
7450
8108
6510
9118
2426
6712
4274
6506
6578
2207
3120
6658
4466
8379
7164
1138
3783
1411
9019
10
3336
8559
1697
4187
6590
5298
975
6481
5364
2347
6937
9166
456
9799
4637
2882
6511
8911
5741
9442
7470
8861
6100
8288
3592
9616
9426
7375
1028
4798
7385
716
3357
5435
1255
6300
7085
2230
2781
8801
930
6070
7968
7738
5869
2605
6972
8733
7868
2713
4527
5338
7927
6979
3626
7871
6596
9405
1599
3976
4203
8984
1044
3912
771
2299
212
4208
4529
9346
3010
1811
1768
7330
9549
3990
9935
6522
9075
7803
5587
3602
9493
3514
581
3119
7738
3529
8876
9337
3857
3079
4673
4901
3344
5445
7200
9908
6005
8082
9254
9015
9893
1023
6345
9443
5013
2632
2317
4088
6787
7904
4042
6280
7771
975
5752
5509
857
4628
4846
4714
7708
9519
5968
7404
1316
3168
7312
7322
7602
6567
6337
7496
3942
9035
3291
5307
8019
5608
5747
4807
9864
6141
1087
7635
7116
6839
3144
7973
1468
7990
9040
5528
3862
5008
2932
5178
4528
6596
2500
2131
9515
5190
5979
3457
4225
5622
5116
2244
7582
7215
3403
7446
3356
4491
5082
6825
1330
4578
1150
9150
2569
190
1030
6431
1550
314
7961
6079
6911
462
8210
6426
5652
541
6236
6229
6163
1352
4825
3745
4920
8229
7543
8276
2720
8977
1453
402
3556
2604
5905
2477
2794
6935
8908
4345
7250
3221
6776
513
3683
1338
6939
5687
1879
3175
8268
4394
880
3094
8139
5800
7675
2034
428
6747
1012
1882
3501
4568
838
9406
7045
3632
2694
2305
4329
6296
5526
1105
6809
5562
2443
3748
7601
4322
3276
5870
5068
4156
8964
9559
6308
2991
1594
3088
9738
2606
1322
3239
3526
2160
2646
571
2145
1692
2876
6474
7988
4754
3932
4797
6668
6375
4897
4270
7050
4525
140
2118
5033
5456
1678
1341
8447
9624
782
8185
2230
8456
1424
5756
617
422
2679
9114
2114
1907
5588
6454
3013
5872
7603
9682
2248
8853
3952
5650
3378
4092
4120
8412
5900
2150
6105
4347
1774
6887
8884
356
5344
6660
2464
2313
3435
5143
1427
1901
7050
3367
8356
6416
5592
5959
6098
7840
4812
50
9842
8191
494
3962
2955
6394
2465
9060
741
4239
2300
5977
4596
3996
2637
7060
2661
6072
8556
440
7974
1958
3807
6330
8374
9399
8641
4472
3591
9806
4522
9785
4349
5016
100
7304
7762
2565
2716
4855
3156
5016
832
7752
5364
3470
1165
8025
9542
9721
8465
3868
1679
8625
6550
54
4376
1544
878
4320
1350
5401
4105
2051
6769
4205
5707
884
3122
8423
5739
6279
9792
6572
383
1508
42
1548
9534
5936
1269
4351
9805
9301
2976
6355
5707
7353
4251
6585
8025
5601
8338
2130
4004
1460
2688
9711
2344
2162
4487
8083
8441
631
4655
8825
2139
1049
6725
1673
3338
4347
2377
3143
3648
5353
5850
5707
9058
102
2292
7083
2055
6983
5566
6060
8443
4606
2123
7139
6768
6610
5222
5210
7241
6230
387
9381
3631
7112
7406
6969
7811
9783
6464
7811
1489
8667
3518
547
5121
2163
3983
3528
9146
9549
9588
3941
4155
8064
1080
7275
4674
2654
2485
8268
5236
9224
7649
5220
2689
1407
8541
500
1191
5006
8312
9032
25
8182
9579
5146
345
9914
8674
5843
5815
4615
9784
6322
2679
7216
3598
3705
6223
2435
1973
1459
1660
5974
6679
701
7382
5221
7553
4925
6579
2217
3957
6604
400
9888
8102
7097
9803
6776
2941
5618
1391
9077
8293
422
6294
1891
4128
2517
4326
2453
328
5986
8428
3360
3039
5810
4933
593
7087
1512
2810
7396
4468
3210
7284
2570
308
3439
5698
9601
5410
3442
8678
3703
3864
4972
5594
4344
3841
9920
6798
4170
2259
5226
3882
5298
7388
8815
5891
827
6679
5054
8223
1147
8264
1859
69
4924
5299
2119
4525
7061
5561
3204
7116
5778
4528
2710
122
8370
8982
6920
8892
7593
8498
2774
9244
2238
1589
1487
3065
4620
6541
7640
2119
4806
9500
2188
6082
1151
4307
608
4564
6221
3812
1680
1999
4692
742
2121
3062
9724
5394
8306
3670
244
1080
2914
2483
9021
4401
1900
3641
943
5893
5760
2101
5393
4300
8183
2896
4960
8791
7460
1181
8955
9140
3180
0
9882
1653
3062
5958
3399
1369
9628
3644
8801
2542
2479
7823
6944
731
7816
4239
6624
3577
6340
8369
4229
875
1265
9189
9667
8725
6722
4974
4217
6254
4974
451
4260
4389
6410
7659
2110
2390
7655
7263
1285
6486
5086
4581
7218
9255
8820
3842
9184
1512
2212
3413
2387
9829
8955
8406
4907
2029
3381
9124
4636
4707
5928
8896
9096
2338
2907
7558
1080
563
4822
2365
3401
6260
6946
619
5515
5766
814
4699
3630
9378
4465
6018
9207
9772
4424
466
1801
4157
5943
6437
8865
1871
1685
4313
561
4593
1872
1641
1508
3046
4007
4909
9306
7305
1881
1174
9424
2695
2225
3054
8425
3042
9072
3984
2814
9849
4451
968
4006
394
3757
2871
2265
1795
3537
9178
6388
5409
819
7896
4807
1178
2805
465
4836
1038
7991
4260
3733
217
3666
8510
9611
9091
2495
8778
8940
6946
9746
2946
3692
9855
2170
2309
1650
5707
1487
4390
7468
8658
2286
2275
9837
1444
2740
4673
2482
732
5285
2568
7301
8951
1078
6912
8042
9925
5690
3334
6871
1788
6281
6915
7996
8451
9224
5998
510
7063
389
7978
5722
2675
253
1911
471
9345
2936
9306
6429
8221
1874
82
3524
9304
3347
1567
9230
5389
1253
2453
3530
7534
9369
1526
2337
4945
7524
2847
8361
7913
7177
4083
6941
3782
5994
3764
3128
8930
3070
5909
3503
1296
2344
7027
601
5691
4946
6183
7432
6200
8636
962
86
4357
8840
2424
9303
6365
1623
7664
630
8801
8099
3923
2583
445
7688
2063
9375
7110
4325
9230
8407
6669
6257
5360
8712
7556
1543
6144
3756
179
3459
3842
889
2299
2618
192
5016
594
4208
1999
9395
8659
2274
8330
9104
6314
6746
4831
3425
1071
4061
8184
4092
6670
9896
9156
4226
1439
1652
4334
7970
1463
8177
8859
3763
7147
5403
5131
7741
5963
7130
3488
4622
5757
1819
78
2071
4917
1261
5496
2340
5322
32
6432
8345
9928
1940
2571
7719
9944
6906
5690
1408
1435
4549
1523
8582
6305
6654
2676
2268
137
6164
3243
5894
7983
3321
7965
2900
4583
9814
1592
6257
6198
8024
954
6127
6316
3526
3846
6261
6784
9536
4021
4571
438
5544
9505
3095
2198
2181
5363
2335
8346
8606
4581
2681
8280
2547
1934
9215
8713
3526
1824
4911
7903
2779
1038
4219
2657
1237
6832
5793
7125
853
364
3915
6397
9869
7010
4948
8403
2374
3635
6749
7332
8217
9430
1964
7116
7716
1179
5829
1243
9356
740
9146
2135
8131
9717
4792
5720
6550
585
2845
3755
7301
6761
6505
7170
3771
1453
1925
2497
5088
5026
6182
9657
4457
8146
6773
8525
5678
2602
9768
5034
9695
8914
3521
4178
8632
8313
9898
1534
8898
9095
5289
2551
5856
8146
6073
5980
9599
7999
4829
1040
3025
1011
697
3834
5510
3823
2360
7540
6425
2128
8926
2472
7395
2447
6650
2379
760
2900
3913
6010
1996
5554
8561
4204
3701
4634
6536
9652
8985
7718
7044
2011
5081
7742
5845
591
1565
4557
4483
4342
6686
3409
3167
433
5856
6169
2812
2968
9070
6725
5330
7418
8631
243
7974
2332
1230
4511
8337
6567
2229
5381
8578
7310
9475
776
4254
1040
5333
8737
1735
8371
8499
4902
8804
707
1071
1616
28
6493
4693
1710
263
3325
1954
8238
2009
9536
9101
346
6103
7682
2080
1034
1344
1555
1810
5598
8948
3495
688
683
8219
5539
1937
7023
6246
9360
4992
6274
2206
9685
4337
2469
9362
6291
707
1372
2179
9808
8070
4634
3842
150
5668
5187
8058
3830
7137
7006
3678
7825
4041
1897
9716
5978
8920
5963
1690
264
8589
3896
9950
2926
6366
5664
5569
3425
3388
4100
9586
1459
8735
3428
7961
755
8615
6019
4586
2105
9377
8264
9930
3418
161
5999
9396
5433
1962
7439
5698
6903
1335
2000
6182
4053
7664
8103
7479
7405
2204
3417
8864
939
6845
3177
8046
1813
5549
2632
3918
4926
7248
200
8345
3761
6199
4093
5547
4513
1532
7597
7769
9220
9597
3951
3273
3613
8406
7104
1018
610
521
6234
7901
3719
5764
5948
1884
1313
4932
2154
6239
8533
8706
936
2294
1258
5030
7841
2123
2914
1790
9892
2134
1387
195
1760
1353
8602
8864
8723
5564
5738
4958
3466
5809
722
5766
4045
8387
7050
2551
4626
5583
1257
1915
7878
8867
3297
2071
991
6211
3862
883
4698
1601
7431
6458
9306
2385
1674
8030
7949
3764
2988
7767
5925
62
9885
9970
8449
6936
2521
9427
2519
131
1342
6749
8998
4639
5173
9989
7203
5387
7225
1901
3340
1008
4711
2647
3393
6385
677
7694
6502
3665
1814
2427
79
1699
8750
8528
4987
7623
4307
7507
4106
5650
608
3105
6641
2133
9446
3844
7520
3023
2097
861
4031
6808
9860
3776
9546
537
7823
6048
554
9637
4827
633
7688
3577
5513
2676
7553
9820
6535
1659
1822
7143
1116
4816
9277
563
8660
3149
9938
7110
362
322
3918
222
450
3464
759
8273
5864
7665
4262
7044
4650
1951
6973
163
979
4526
6336
7514
6186
4510
1009
3654
9326
6638
569
4339
9788
508
1449
150
7182
1719
6725
7632
5184
7484
2258
7400
1502
6520
4444
6152
4823
1418
6316
2154
2296
9004
9668
4834
3514
7030
8489
2841
3668
9058
7180
3456
5918
4981
9959
3100
6700
6684
7085
8236
520
9343
5637
2022
2215
6433
8175
3391
4203
843
5545
6500
9847
5214
7686
9713
2244
6175
8906
2264
1586
6086
5721
3856
7419
2032
6957
4120
8716
394
2356
9236
9737
4345
1259
1952
7131
5786
5343
1334
6629
7241
4186
2828
8807
8225
2541
1051
4400
1448
9667
2338
3886
5388
6195
7658
7420
9504
1778
2488
9898
486
1725
5987
4832
9336
4291
1963
5122
5987
9649
8103
3228
188
931
2035
8413
9824
9438
9165
7624
9105
7856
7863
846
403
5521
4618
9907
3651
7107
6157
4137
5184
2144
8969
4520
2787
7284
9642
8774
3286
4097
2002
9826
5028
389
8239
1204
9827
3756
5181
5285
1612
3044
6131
2015
4917
749
8274
8568
7856
783
9057
9392
2927
8027
3912
2067
1663
9906
841
1301
4003
9196
1127
5383
9585
5718
2940
9413
5827
8121
1050
3791
7517
7181
2159
2434
4282
433
7354
8491
1217
6411
7883
496
790
1796
2563
8806
1702
9757
107
2058
8953
7587
7441
4890
9657
6733
4303
5484
4854
1705
9276
2371
8886
1435
1157
3169
8220
4863
1660
5789
7627
9543
2638
8417
7691
1553
3575
9394
1310
35
7804
6615
7622
1597
1506
3631
8331
2161
9116
3185
3867
4744
1909
2753
2531
9418
2274
7103
634
286
2893
8261
9830
1883
3030
7521
3436
6606
3267
1099
6641
1071
4066
615
9021
5572
4246
7352
7734
9714
537
7953
4458
8798
7058
3341
4569
9333
445
5203
9619
9690
3464
5801
1573
6494
9675
5009
9452
9294
2460
6093
6718
6527
6708
5739
2099
7307
3091
6185
7021
9980
490
7832
8779
7549
7525
9700
3234
7970
4903
9205
7660
4719
5007
9233
1213
1034
595
666
328
3055
3111
7046
5934
6172
2785
4386
3479
2228
6923
6852
2209
7414
1036
7340
4963
8562
7040
4549
6532
8295
3754
545
3014
5113
6130
579
2499
6725
7597
2828
6133
709
6226
2067
6881
5364
6453
6712
7592
3377
9916
6153
7143
953
9845
8458
5867
3237
3007
8751
1532
3113
9296
4546
4579
5427
5126
7078
8504
2723
6258
4637
9784
2485
3057
3017
4201
5862
9729
8145
5591
5998
651
2734
3303
496
1192
9170
3734
551
7921
5266
3665
3570
9813
8244
5349
1291
1674
3853
366
7933
4843
151
6770
7900
3168
971
114
9250
9116
5706
5248
9767
4792
8551
6616
2337
4073
350
9240
8346
1968
2905
1916
1781
7501
7265
9424
5528
1119
9791
3461
2314
9942
231
6566
9462
7554
6680
8712
3022
8738
312
2790
3531
8863
5758
2220
9288
6108
1460
7635
8076
718
9551
6210
4571
3169
1986
99
640
1777
9912
2954
8071
143
9520
7534
4049
2552
2598
7072
1291
2911
6214
1174
8126
1972
3394
7415
8080
1206
5050
2508
8276
953
5070
2848
474
7057
9299
1114
5186
9212
420
3258
5707
9940
7144
9757
2493
9742
3181
136
2653
9395
1310
7132
1367
1056
4547
5799
8614
5949
4659
6891
6902
9730
6091
7377
3139
5390
4843
8325
954
5264
7935
6662
1556
1431
2771
401
7526
5952
537
6531
5347
8199
3663
3066
9255
8210
8865
7870
4159
9876
1113
7414
9606
7204
4791
9097
8946
5986
3775
9901
1250
1710
2915
2807
9494
2038
3208
7020
7990
98
3551
9689
8297
7215
9107
3905
5425
7972
8127
5937
4200
9240
3351
3807
2796
4494
2904
1742
480
6679
7995
1731
4742
910
890
4236
2948
450
7608
7290
548
1159
3331
5198
8374
2438
9103
152
6762
3582
2441
963
9174
2144
4770
1970
6638
4026
64
3470
7058
8060
1553
8152
8970
2443
8740
8271
9246
6348
1913
6146
3859
5245
1344
8586
7683
6799
5090
4446
381
7531
5409
9555
9675
6531
7877
2665
6909
7942
6135
319
6002
7689
4823
1324
6484
3563
5947
5730
6263
7861
8229
123
3106
9573
5061
789
2725
151
1587
9458
7682
3348
5366
3709
9879
3243
2726
3141
1185
8861
9812
3539
2902
4636
4864
5739
4551
811
7821
7167
5024
6050
7290
8130
1976
8703
5272
4701
8854
6859
4159
2888
6560
9525
2949
2791
9121
5675
5932
306
888
5745
198
143
6733
5062
5882
1284
2225
3703
4803
3602
6106
8445
1732
8082
7148
3356
9135
6002
216
3294
8890
6776
9172
1839
9567
8293
3866
1852
4951
4755
3949
5149
4898
7034
6563
780
4670
5141
835
9474
8743
3293
7919
475
1375
5068
3832
510
1070
400
157
6313
3528
9329
4504
9447
3974
8371
7651
8925
3126
7952
427
8024
4986
6990
5156
9657
2131
2343
9131
874
5637
7050
7702
3364
2118
7886
3875
9541
4638
4032
2206
8166
9713
6710
3965
39
5081
7969
5316
4559
5921
5743
8935
908
2734
443
565
1217
2787
9696
2092
4776
3098
6146
8140
1569
4032
8367
1110
5022
2399
3316
9540
8464
6378
3505
4855
7812
1474
172
2371
3748
5915
7659
4656
8649
8102
5221
9867
7241
1269
8311
2017
719
4457
6510
2288
4841
4877
9750
9863
3629
9418
9403
2093
5797
9260
6949
9961
7087
3473
2332
835
9388
6343
5491
4390
4446
7064
609
8039
4685
8920
57
5404
9729
6567
4045
922
1444
3795
785
5073
9566
6540
3519
1715
2152
6820
1676
9239
293
4008
6426
6033
6704
8269
423
1150
1685
1032
9189
2722
6304
5598
4479
6033
8517
8524
6955
6314
8671
4092
7739
8237
6984
1258
9952
9137
4430
1628
4728
1075
1989
7507
7109
8693
5776
3884
6195
7462
1269
1736
6536
7573
7335
1015
9959
2204
9539
3266
8518
8211
3711
6258
2800
695
3868
9105
6184
8299
7085
7265
5726
9074
4772
9187
4119
6900
3072
314
714
693
8403
7251
8266
5738
8266
4577
7942
7806
7844
2813
2369
1555
9071
1521
8602
2939
626
1139
7590
7712
8404
3317
3138
9528
2504
7258
6428
1928
3924
7143
2621
8679
4394
7240
769
9012
1817
8712
6818
6013
7877
5539
3920
6948
3413
8875
9887
4039
14
3830
8103
8418
7147
7594
4298
6003
1204
726
7932
5128
4221
6905
160
8615
4145
929
3980
2315
5993
798
8328
3870
2690
8601
818
6103
7476
7058
6494
7490
888
4598
2260
4387
8544
6558
390
9748
3636
8322
1228
7858
5228
1388
2825
5725
2318
6805
8040
8311
3956
2721
2182
6646
1322
9352
9101
8798
6410
5595
2640
3650
6545
4900
8037
5089
7810
4780
4837
1446
3102
6066
5656
4682
7454
8482
408
6124
5287
4800
4436
9243
7521
6618
2241
5195
5970
7694
3993
8733
3290
2985
2383
6187
4237
6773
7629
2047
1553
2466
9846
1007
4884
5502
2042
8691
336
8802
4815
1976
3602
9251
7571
7476
2221
9813
2671
4544
7507
3017
3277
7149
6002
2012
3337
6592
8785
7318
8639
6690
6136
4837
4050
1021
6692
6092
6064
7028
4894
7231
9004
4848
2835
6576
2324
5056
2741
1348
5952
6600
717
9229
3750
3071
1242
3439
9663
6379
757
4655
9422
3245
9492
3472
4266
2536
5916
6682
9565
7162
266
4921
2010
3101
7849
687
4509
590
8387
462
7191
9104
6043
7293
2175
3637
732
8191
17
7841
2846
5791
1086
8690
5615
1705
1227
1531
4739
7144
5045
5005
8417
3407
4458
6267
4094
8968
6857
8833
5782
400
7937
1825
7693
6465
5463
4777
4656
1832
8970
3854
3975
6409
2544
9590
4466
123
7473
9205
7267
2518
563
2037
5925
5021
8304
6372
341
1513
1557
2475
1914
9495
4301
5959
2312
6116
7089
3320
4300
6059
7174
8275
8820
9718
7865
3286
9842
1690
8844
3461
4208
9407
5498
6485
780
154
9209
7474
1668
767
9949
9934
6614
602
5893
5278
6718
2982
8598
1018
5394
5772
9293
566
1842
3510
3853
8036
5200
9049
1498
5760
4808
3348
8598
5588
9855
7807
9414
1523
4926
9364
1457
7892
9966
3702
3170
6685
3037
1768
4055
8431
7540
9701
8997
5735
3211
9202
3771
4764
8251
1621
524
9411
4970
9122
5000
4825
3282
766
2700
8208
130
4157
6101
6449
4211
9271
9486
7248
7392
3541
5679
1284
3242
1029
7019
2806
6583
791
7570
1187
2412
4446
598
3734
3569
1950
4911
3203
2717
3963
1411
2847
4472
3864
5648
8684
9488
5134
5932
6880
5028
7964
4516
4622
8993
7888
7428
1928
8679
1350
3115
7443
5797
3714
7530
5718
5664
8793
8921
8381
2757
6684
7581
7229
549
9581
5913
37
4716
1846
3269
9744
9810
4137
4366
5155
2025
8147
7083
7056
9497
6551
852
1646
265
8382
7364
2281
3527
2637
7015
6284
9322
948
9866
6223
529
2131
2612
5245
329
5881
1341
6491
6370
2060
1646
8396
207
5082
5452
6056
1633
6304
4055
8250
1038
1419
531
4566
409
3898
7202
9731
4846
7068
5954
5376
9200
8566
6973
5881
799
4667
2373
3521
6727
371
1917
3286
5453
3722
5694
3438
6378
9749
8040
7417
7521
8572
8335
7930
2470
5537
4013
3669
8958
6319
5397
4510
1237
2370
391
8388
3389
2764
1909
116
3136
179
9754
4941
3901
5449
4732
279
5198
2772
4048
9071
1344
2383
7001
167
4273
7366
188
3231
3685
5585
7741
4922
4307
8132
3310
7697
7249
1572
7813
385
1751
3920
1678
2004
9369
6410
2283
919
9183
2684
9991
6879
1419
3344
3398
5692
711
3586
8923
4396
9171
3016
5671
9831
7501
5333
7528
1102
6905
1693
1487
5008
5613
9517
7012
4982
5928
5648
2254
1463
8332
2245
8342
6103
5589
8093
1796
2652
8031
7071
7049
3555
6440
9072
3386
3941
4405
914
5043
7663
2607
2882
2671
8221
8751
9684
9555
4679
1684
1809
2494
16
406
7189
6119
2348
5282
4267
5000
3313
1339
8401
6868
7779
7473
254
8072
1879
1168
9467
9542
3776
2349
8565
8349
1100
8249
7904
2132
9933
6066
4626
6301
6472
8167
8773
8820
3449
9392
173
6763
731
8574
9983
4862
6048
238
9286
4279
7758
8753
173
7886
7454
8738
6235
4907
6988
492
7039
3273
6558
8017
5927
9382
6185
4700
8203
5986
444
8376
9101
1176
3302
9085
2390
9350
5675
1677
9981
9785
6782
154
7672
4237
8893
259
9144
5881
7103
2535
5506
13
6904
1433
9396
3089
2485
7599
5428
2930
2327
4529
458
5629
3614
9200
1332
5641
7229
1313
5427
4012
7820
9451
4601
6713
6062
3745
8946
3166
2632
4452
9531
9536
2238
8927
2626
4723
2878
4406
4005
5205
8935
815
7187
8902
16
4871
4543
7245
2536
6322
7609
356
5773
2210
7069
8188
2307
6015
7706
4939
6820
7237
4476
9058
6165
3454
133
9043
7860
491
601
3147
1306
4140
2049
7674
5363
6593
1272
7899
9267
5233
4608
1393
7444
8029
9581
6103
397
7287
1043
7217
876
1871
2627
7041
1677
9112
2437
9537
9603
3038
9036
7262
3530
1086
1288
8893
4031
2560
3144
3298
7794
7752
4691
1590
5782
624
4045
6179
4263
1440
3396
5140
3311
2375
2181
4988
1487
970
877
1091
360
9914
4705
3890
7352
5993
9135
1383
4906
2280
4681
2700
32
5725
642
5814
6349
4687
8345
613
6128
1741
2105
5791
468
638
7132
1956
1609
4361
9399
1969
4275
4104
2212
7979
6449
1347
9362
1355
3627
396
407
3660
6121
1049
5826
8822
2089
4172
5787
4569
2265
7892
360
2734
8531
7492
1042
140
1854
441
8461
2481
897
7025
461
7346
8373
6175
5054
2000
6571
5461
2012
9044
6511
7839
4219
4952
2011
6358
9521
628
4251
6233
3362
9134
3726
4404
5626
1932
1197
4087
765
2094
1113
7578
5793
5838
3754
847
7838
6677
6308
6203
2074
9171
4042
2645
4123
2405
9003
9996
9385
3254
6230
2748
8740
6308
3504
4366
8240
4702
4806
5357
6796
5919
2936
8941
8109
3042
9788
2299
6071
6097
8502
4497
1620
8896
7142
2096
7653
6146
2092
7039
5752
8322
9787
4493
982
9643
8859
5574
4345
3665
932
7494
5936
220
6435
4045
3262
2576
6345
5685
5025
1199
183
6645
96
7325
8741
7749
9823
834
4788
1928
5508
927
6421
6491
6923
1632
2065
1268
1650
9349
5114
3938
9569
7902
4336
2831
478
681
4869
1855
1880
5052
8500
8328
8729
3594
2430
4905
780
3570
6833
6288
850
9606
9131
7773
7590
7549
5393
5592
6898
508
9531
6468
4762
3867
5651
1592
900
6872
3447
9132
1924
8299
7461
7006
1893
9891
1911
2673
3461
5096
5314
4311
1054
4445
8436
8644
8346
3830
4237
5245
4338
3768
8065
5452
3987
68
7044
4887
6941
491
4019
5217
8790
7832
2223
7036
7723
486
9709
7537
5582
5023
8200
6636
5821
6637
1633
4167
467
2222
5764
1157
2342
181
6609
6329
250
3653
7568
3543
496
1587
8760
5638
9420
7336
2674
3495
7822
2384
7384
9757
3759
5585
2745
9580
2222
730
100
9041
2952
5864
198
5294
6046
3159
7975
2648
6812
5543
6191
3660
3483
1303
9298
2903
4991
1973
2750
9166
709
135
8923
4468
2072
8020
401
4294
8751
501
9687
8055
2717
6237
9702
8763
9396
7677
7763
2560
9573
306
6220
3056
7962
1870
2311
2953
195
5061
2119
904
1548
7394
1725
3620
5415
2126
4266
518
8979
3953
4925
1696
190
4627
6812
5938
8657
927
8498
8230
1234
1070
7638
9196
2941
9949
8501
3136
5010
621
393
6559
8015
2118
179
9782
596
4446
6652
9575
4751
1578
7623
1294
2557
4435
7232
1214
5363
5731
5796
2949
3153
3434
2145
6094
3383
646
5583
4746
7619
5976
7657
1987
8094
4188
8121
5042
4986
4774
4617
9738
2704
2240
1032
5261
3028
4616
2828
8391
347
4976
1340
3501
8411
9837
5947
8146
6835
1530
2892
4455
3858
549
2794
1952
4738
915
3346
6076
5689
4315
5814
4745
6556
3198
7
5936
7815
9187
679
4514
4163
8371
4367
8926
8208
315
7073
1395
8197
9965
2202
2056
6867
4996
360
7957
5912
3707
4033
7953
8022
6200
2699
930
9398
9058
3218
3565
8245
3897
8080
8760
2268
8799
7687
6828
5466
1112
8224
3664
7429
426
2072
4296
5423
2432
8605
1335
2491
8991
5640
6866
1543
8339
7796
7293
7397
1015
859
1994
1264
5291
7107
3533
4090
1146
361
9557
2258
8585
9573
9687
5364
1645
336
787
4077
8941
8474
2921
4284
4114
9787
5827
8806
3935
3121
2555
1302
3980
902
2567
5623
8009
6100
9713
9155
2813
5622
7765
1399
5195
7452
6763
6840
7788
3902
7270
3082
2376
191
3718
2842
6330
9546
1648
265
9019
4204
1568
9351
5106
4135
4974
9467
6587
1039
4974
9400
6662
2739
7151
8209
191
3914
1402
4332
4168
5024
3766
2896
5215
7484
5739
1545
7030
3739
8162
2401
4295
9730
1752
5753
217
6726
5220
6804
7766
194
6205
780
2933
3356
5341
9477
3623
6743
3809
7791
1767
7575
688
3334
5059
2779
1231
8442
6518
9394
843
814
5476
8948
6567
5694
5674
8140
2498
9792
8334
8703
6924
7620
8412
2266
7097
2035
9009
906
9826
7129
4833
6866
463
6244
9645
8047
1038
6164
7441
1882
3330
2917
7182
6249
4963
2856
4389
7462
2649
9076
2517
5925
6696
929
8191
145
9316
3553
7403
9143
682
2236
2361
7497
4832
2007
5544
5871
4523
9337
4105
4205
8607
1287
454
3570
4143
1196
7384
3144
6624
9902
9070
3320
7183
3613
9817
6500
7166
7220
1995
7848
5808
4356
1698
640
6363
7242
6511
7238
2932
616
1443
1539
1903
8250
1461
2399
9446
8846
1895
2422
5100
7317
5742
2283
931
1911
8783
8097
9131
778
2298
1291
5135
3996
1931
7850
7590
4795
1441
522
1763
9236
8413
19
7486
9875
2418
3284
8721
665
5706
3821
7983
7800
6104
8914
6063
1240
3363
1546
2018
5661
2837
3505
6009
1121
7708
9952
5916
9149
474
7679
8385
8888
4050
2224
5115
6468
1860
188
3486
3919
4009
1469
8071
6465
6735
4135
4057
98
5681
2428
2112
8519
5933
4473
9640
9993
4425
1908
9142
1252
5939
3880
6492
9990
2456
1607
2810
668
1795
6296
4587
2156
4117
2659
4973
852
6794
9031
7303
2475
1459
9415
7346
3744
240
3338
3738
4666
5246
9232
5918
7538
9464
2410
3880
1920
4017
6690
2589
2164
9339
3528
4320
3456
6187
9293
661
9333
4676
7964
8161
6135
3731
5507
6232
3971
5198
9970
4989
6796
9202
907
4334
5019
9669
8214
6939
38
1257
5880
2202
6948
9409
2874
6756
1948
8520
7417
7634
3196
5381
5795
5684
5464
7654
8268
5788
2852
8238
777
9649
3792
1685
3983
8811
7706
8550
2103
7745
6159
7983
6299
3107
3744
9174
9863
2045
4046
3633
9679
3594
5366
1826
9278
831
9480
3898
6619
2333
2136
7396
1982
2281
5433
2317
1092
3140
7219
9547
7237
3378
3883
3536
2837
3979
2710
9053
6024
3108
2686
2055
6703
8052
3881
2333
5235
3362
6232
1854
5695
4720
5603
4029
7001
7388
2698
4446
528
9918
3993
7765
3296
4228
7654
2486
8208
364
1539
4232
9825
4225
6288
6528
2277
6521
8861
7513
9883
1445
5719
1930
6166
7674
2311
3167
5063
5010
3965
5591
4928
7959
9709
4576
2187
7363
7062
395
4079
8601
980
3904
2826
3620
6784
1456
141
5646
5321
25
7091
7392
8307
3257
5067
619
2777
130
5629
6742
2073
6909
1053
8134
1485
9593
5497
4900
6340
5929
3501
7320
6185
2680
7292
2970
488
7434
4968
2161
3811
2059
9553
2118
1669
972
9089
798
7454
1070
7540
9528
7979
4946
7662
5817
4539
9512
717
879
5441
570
4552
1626
9602
1844
948
90
9278
5916
8603
9441
4328
8157
7912
2349
5481
7001
3147
2936
8072
7039
2464
2403
1985
6478
4572
2876
2342
1641
3756
7783
8564
8308
5762
8166
6504
3062
4609
2135
8979
3212
1576
3307
7721
9488
5656
3203
2842
5155
6139
7266
2194
4955
9669
532
1433
594
3408
3776
2235
3516
7911
799
8176
25
8966
4681
3088
9927
6816
2067
3139
8392
1726
7213
4233
3734
416
7075
8889
2907
4341
1083
7862
362
1615
9295
956
1376
9423
3192
4892
3687
343
3069
3712
5661
7750
3152
5588
918
1571
5080
5662
3297
2293
9895
3383
9061
6970
2272
1968
7663
3356
9830
8026
1323
5477
8982
2699
1253
8526
7592
4940
8870
7013
5004
883
4763
4509
6472
5681
6080
7904
1343
5730
197
7591
9113
9258
913
1386
7578
8577
1094
7408
6603
2417
2885
1937
1469
4138
464
5413
5430
5686
2426
435
6569
3541
4944
9393
5574
7376
3649
3269
3106
198
860
8572
5808
1774
6310
3386
351
7404
794
3306
6173
32
5243
7642
4170
2059
3055
5953
7745
1833
6388
667
5374
7684
6412
948
5060
6414
4218
4519
6612
5078
9443
2421
3204
5753
5807
3555
9509
2954
3213
5682
2986
8457
9677
3508
516
9084
9461
4614
918
2201
1633
2644
9885
4397
3593
1298
811
7811
2169
7424
9241
1612
6197
2446
3717
2004
2353
3226
4958
1919
5260
4296
376
4937
7805
7244
374
3618
8210
1292
5820
6195
3936
2057
593
3881
3355
1404
8044
1876
5180
3638
3488
1377
2436
3557
9734
1141
6783
1044
3060
2044
5341
9788
3333
9498
7033
3707
3116
1595
1351
5288
7791
1640
7346
4736
5521
7053
2492
9918
5282
7673
3556
8770
5402
5992
8680
5136
7133
5463
2533
194
3859
4226
9982
7193
3724
3367
7252
3192
1315
8604
4833
9106
6596
2179
194
8469
5584
2686
8387
866
6711
1943
5989
2114
7935
4669
3602
5069
6484
2487
5263
6696
6713
1597
241
437
4965
7493
9982
2632
2449
4815
1738
9045
3346
8284
3867
5282
970
2254
6149
4034
4198
8490
2500
8485
9511
6102
3554
5995
8590
5169
2691
1655
3119
2932
2093
4436
6778
8427
7068
9227
3242
8806
4625
6588
3442
8492
1870
4412
7098
4371
8446
1296
9213
7298
9782
8724
3401
9688
4720
8343
1210
3763
6350
4329
3048
8443
8765
9826
3222
5833
5405
6464
991
30
9404
4433
4874
7627
5197
1973
8350
9996
9621
7564
7294
5755
6288
7047
1796
7360
1742
3006
7476
8093
3687
524
2888
2452
350
6111
4637
5755
2575
5628
2138
8332
6413
3364
5959
1610
1689
661
1606
7663
8225
5253
9770
4514
2300
1566
8226
4043
924
5702
8488
4611
6226
1376
3415
2928
7487
8052
5036
6415
32
3526
4747
6445
3242
7058
4408
4932
7719
2366
2595
2297
7619
2365
3163
6272
284
1389
6667
1208
3444
5155
2172
6022
2883
5587
8951
371
9992
339
3138
24
3865
4237
2822
7107
1295
7230
8391
5366
5948
7338
7663
3568
6056
826
6192
6340
8568
2859
3900
2012
4366
6072
8034
7249
8012
3337
3972
8004
3676
7110
8028
3893
1347
850
7353
8994
4432
5744
713
381
9435
8376
301
5491
5555
2845
8183
4123
2056
2083
6135
6422
4508
521
23
2520
3859
3996
524
7535
7458
4904
7781
5158
2107
5134
504
2891
7230
1217
9624
6665
5946
9925
8508
1501
9122
6691
1976
1178
5127
8111
7600
5987
8632
3976
8507
2491
7972
5383
6379
1782
6639
4160
6940
8746
5646
3797
1638
2876
5014
1262
5894
7312
7540
754
8813
6662
3798
7141
4193
8925
5252
1793
1264
237
5769
6123
9080
93
1506
1811
1876
8145
2323
5168
3244
7969
8965
4882
7198
332
2496
9444
7644
6388
198
2810
9403
3996
9951
3596
9273
1556
1741
537
1793
3863
6660
7225
308
4518
9037
8536
9016
1360
3705
2260
5682
9022
3494
2880
5706
2342
8676
3351
8731
8874
2513
4486
9223
8816
8082
8496
372
6175
5386
8517
38
2046
5743
6699
2917
1132
5235
1933
8844
5292
4193
4526
4315
4039
3758
21
6381
2434
9724
1464
7661
8589
5950
6884
7406
4032
5380
7778
6560
766
2648
2950
9165
4743
9649
8434
5875
4885
367
4719
177
912
5598
844
4951
9356
7218
7684
8143
6942
9149
5804
1884
5099
2688
9290
5484
4420
7068
2044
1539
6068
4994
7056
811
4644
5490
6686
5881
5857
7758
6058
3121
9708
3255
8072
5416
473
5756
3559
3767
1257
5715
5651
6357
4755
4941
8193
9176
8362
6589
7067
4430
7935
4123
5242
8931
9613
8280
4812
1822
2390
7223
4943
2098
478
9367
7515
951
1475
1074
4718
2733
3142
370
5442
7897
5311
3635
7073
3673
224
492
4456
8159
4615
6050
7091
4228
4330
8255
6050
6721
5478
7345
5171
5956
6712
2686
6907
8188
113
7978
921
3255
8348
6363
1152
11
6350
4578
37
2926
5070
4493
1085
6038
543
4528
266
1225
2784
2669
4298
8262
6366
9470
571
3079
2156
3830
1267
2269
1808
8540
1876
156
1255
9381
168
7605
3959
205
531
5381
1050
7968
1419
1593
8849
8038
9170
7985
7059
3469
6247
9777
2939
3170
2856
1447
7001
475
69
8809
5367
1945
5318
6622
1326
5486
579
1637
2043
7462
3371
3093
1783
1142
1038
632
5532
208
8617
2591
3677
1216
8721
2968
4387
1577
4416
7740
8405
4485
6549
3772
2782
1867
6747
461
3705
7326
2098
5748
1141
1821
5193
2924
2964
6231
3556
8496
2792
8525
7440
2821
6093
6161
5790
480
4090
6558
4572
2495
7395
1122
2620
177
9341
9367
638
3047
6693
9089
5147
7834
910
6693
7110
226
9276
7018
5075
2068
5543
2515
1242
1637
5028
7032
8469
5470
9942
3042
7966
7337
516
586
7514
9857
9953
4505
9256
2998
9946
756
7185
7208
7449
4295
7435
6725
1314
2510
5146
6857
1377
6388
4846
2757
9772
9668
8227
9714
2710
6193
7051
3226
3131
917
9435
9436
1774
8692
2435
1720
5800
5972
8929
3249
267
2716
9974
1581
5226
5120
4791
2955
1508
5989
5712
1280
5657
3939
7346
4719
6485
4397
7945
5968
1667
3733
5405
3441
8777
4192
1514
4577
164
6795
7826
431
9511
4152
8365
4737
5625
9508
7692
3485
5497
9756
1118
7507
3695
8464
2226
6532
9214
6524
2501
7233
257
7906
7026
9034
2098
8540
9963
2262
5335
7789
9045
4846
8293
3762
5935
3918
3270
9979
7404
5120
9735
4874
2627
9783
3338
1205
6315
8904
7729
8816
6137
7986
3074
3164
3372
1524
1704
3335
138
3392
7476
9184
4590
5770
2946
526
6040
2569
6857
9796
7689
6593
4670
6668
2728
8009
7873
5395
6913
5603
4212
9403
9941
3638
2567
9666
5163
623
9353
5301
367
6830
837
4958
8952
3784
1836
1344
6353
8693
1141
394
1638
5811
7062
4366
172
1287
9762
3438
3242
326
2841
3184
316
1760
9202
1831
2383
8555
7133
2751
1737
4322
7709
7041
8106
5897
8386
811
4590
9527
7557
2581
1690
971
6947
8215
2259
3061
1653
5501
9739
846
5037
6408
2606
4239
8239
1341
9147
5372
4092
7236
9695
8153
4278
4153
4050
2664
1317
4993
8543
5226
7574
6585
6198
873
4800
8457
287
2805
310
6378
3
5348
2786
8961
5939
1026
303
1438
6398
4395
8675
2445
8901
2953
2951
9303
1969
620
4296
6864
5846
8222
3449
2044
9096
4602
6853
5735
3759
7164
2113
115
8864
4900
9076
4803
5926
9379
2594
8676
127
1269
1122
9028
4222
425
8331
2543
1045
8980
9407
3243
7202
9208
5288
2650
3810
2141
8385
3922
5657
499
4037
4521
5399
3113
5677
1325
2493
8271
1
8972
9540
7475
8000
114
4252
2683
2657
5297
1663
8416
4893
5218
7624
181
7868
7787
8674
6254
1709
4332
6753
2098
5205
2152
5211
7234
9829
4056
5505
9830
9380
1397
3658
3732
7863
7910
6416
6872
9560
4431
5288
4453
6001
2913
4634
3870
7052
9660
6476
8761
344
3229
7211
5550
1733
2422
9136
7914
2831
4642
4096
8563
2391
7754
2296
255
5665
8712
3479
5225
9495
8768
9678
5497
8033
664
5719
5085
6676
2195
198
7021
1776
7409
8923
9861
6183
8059
7775
5366
9053
1871
3930
1445
5978
6226
8052
1643
1290
1531
3220
785
6651
9250
2634
4684
9914
8353
6121
6590
548
6319
9963
8676
3728
8886
8537
9912
6946
2664
5278
2351
888
5560
148
6866
1786
8200
8509
3076
6084
8081
214
2735
7331
2848
3772
7245
1202
9893
187
8102
2565
151
3131
6293
5389
8020
2557
8687
685
4188
1039
1573
9748
1187
4791
7887
5740
9652
963
1824
7733
1177
911
5064
378
1035
8661
1580
7281
5200
6034
9846
1703
5517
2491
7093
3538
1401
5780
4223
5589
3171
2148
1689
711
3291
9576
6451
2943
6892
4627
676
8069
1890
2092
4799
2926
753
2731
6559
2305
8766
6405
4009
4283
5248
1102
4173
6649
3234
4748
2238
2758
3248
3928
3469
6539
9856
6272
9482
6748
899
6510
1170
2789
8602
5969
2067
5707
8701
8626
8013
3819
1383
2022
4454
6632
9476
8628
3281
9062
3376
5520
1820
6625
5800
1641
3164
2008
7913
8999
8757
5164
5509
6279
4306
464
2248
6373
6171
7301
5000
536
1120
6383
2558
5575
9367
8386
4203
2649
3801
3931
4521
5621
6908
6673
3615
73
8681
7880
5424
3790
3045
7285
69
7351
7749
8670
76
273
5971
1428
809
7092
7812
9720
2667
3531
8106
3222
6180
1907
3505
701
3881
414
7374
3848
6839
2408
1728
2263
6198
1125
9548
6268
8476
3650
4938
4905
3923
7261
6333
4732
4353
497
4452
3372
4029
2559
2946
209
818
6452
7263
1051
3218
4637
4899
57
3397
2980
8672
9596
4105
8220
2216
8934
1870
3506
3839
5793
767
172
6878
1473
670
1330
4845
4699
241
7792
4908
7412
596
2171
8463
3814
3161
3363
223
6558
6343
8895
2506
6800
3467
4722
5734
1690
4580
9573
7483
1700
9746
713
3173
6768
2044
8018
1467
2285
2162
2727
6049
9110
1251
4513
2924
4412
4228
9499
7322
6923
8394
9829
3723
1862
903
9458
3552
1836
5383
7387
3536
5129
8101
6709
8249
6497
1079
9716
5134
3242
2444
1184
2352
3695
5697
1629
4459
6277
1128
8133
3200
5875
7962
6923
7737
5218
2733
7641
7054
8117
1380
590
9598
5833
3651
7848
2330
4730
3916
3817
4324
6360
5001
3029
6407
7050
4658
7218
3327
2138
5352
2879
8013
9666
9802
2102
4884
8888
6095
8290
7005
7476
5232
2955
9661
8883
7155
1992
9966
1072
2161
4290
3784
7162
7319
192
564
8329
3762
3891
6820
9114
6770
1185
8781
2924
3288
17
8164
5735
8308
1521
9563
3540
4477
9225
8776
1632
7569
8742
2704
9730
3032
2841
3244
6704
3033
3808
5033
3147
4051
1853
2262
7173
3039
7395
6449
2679
7412
4614
4766
5720
6135
4330
5613
6964
9907
741
4949
3828
9483
4005
3558
8867
6846
3154
5571
9879
6962
6957
3027
1013
8810
1641
8186
8201
9036
4635
7232
2800
5601
1999
4873
1737
6329
486
8701
2588
1227
2
6416
7062
4008
9974
5929
854
9480
7853
7086
6442
4810
6465
3807
9972
8106
8345
4526
3494
2980
1758
6294
4934
3757
1167
6671
6438
8005
1724
9026
5584
1727
5442
2646
2087
1768
4928
2941
1248
2781
27
4042
3943
6492
7849
267
950
6194
4793
4444
5527
6552
739
461
6661
8258
3484
3100
6264
1560
2126
1848
9639
3921
847
1726
5689
5775
4668
6938
4908
4695
7332
5203
7540
5182
5470
8490
7728
6616
9287
3255
9520
6378
68
6181
4636
3552
5633
900
1465
7760
9101
1104
8033
9948
2831
3722
2075
3851
7012
6983
4898
4345
8538
2438
9527
4008
7281
7255
6976
6568
6863
6496
2946
6931
9030
3934
6836
4663
1187
8301
8775
288
9405
6808
6588
8588
531
8663
2439
3895
1998
7338
8240
536
6128
4119
896
3409
7727
7873
6329
4590
721
9275
7873
9751
9562
1061
4415
749
5714
9542
7389
1472
6351
3977
60
3234
8992
2500
7129
990
6190
5370
7878
2318
5841
8774
5728
3568
2999
8409
4510
3721
7685
8736
9824
3599
6149
591
4348
1864
134
8089
3336
2837
2066
3396
6071
7410
2248
3200
4752
4790
4922
2630
7109
764
7756
9189
684
7108
7598
1547
7181
1635
6635
7005
5234
2784
3949
5934
4648
4083
4023
7984
6920
2441
7733
2991
9851
6333
2543
4603
1124
7466
3585
4585
4582
1342
3774
1618
4802
7724
9517
1983
9360
6152
8988
946
5289
2937
3233
9937
3372
7256
4274
6644
9698
8359
9635
5901
4692
8531
505
2168
5997
442
6753
6931
8136
6879
8549
2938
4604
4419
4921
316
571
262
1262
5860
3199
4495
2150
2924
8104
2776
9568
4154
1135
5556
55
2179
4087
6912
4348
6436
7355
7453
9719
5491
4333
4620
8430
8937
9039
3351
5605
9611
3613
3219
1823
3165
4067
3973
2441
2171
6749
2009
6325
4236
7565
2732
6416
8004
9645
7116
792
3352
4569
511
8843
5254
5132
3625
4191
4171
3329
6148
